CUTE-1 (CO-55)          
1 27844U 03031E   26273.89876334  .00000143  00000+0  80996-4 0  9993
2 27844  98.6770 281.1482 0008571 234.9626 125.0749 14.24388127206728
CUBESAT XI-IV (CO-57)   
1 27848U 03031J   26274.01082780  .00000116  00000+0  70140-4 0  9996
2 27848  98.6803 280.8862 0008332 256.0143 104.0109 14.23665941206437
CUBESAT XI-V            
1 28895U 05043F   26272.96347010  .00000760  00000+0  12701-3 0  9999
2 28895  98.3124  70.8908 0013067 229.9945 130.0115 14.72853904117171
CUTE-1.7+APD II (CO-65) 
1 32785U 08021C   26274.15095650  .00002660  00000+0  16649-3 0  9990
2 32785  97.8405 257.9103 0009699  37.8792 322.3117 15.10281767  1194
CANX-2                  
1 32790U 08021H   26273.93595160  .00001556  00000+0  11044-3 0  9999
2 32790  97.8771 255.8890 0011619  53.1183 307.1107 15.06233520   723
SEEDS II (CO-66)        
1 32791U 08021J   26273.51997135  .00010347  00000+0  29731-3 0  9992
2 32791  97.7571 276.7509 0000972   9.4395 350.6866 15.36030082  3436
SWISSCUBE               
1 35932U 09051B   26274.00409234  .00000521  00000+0  11222-3 0  9998
2 35932  98.3942 183.6896 0005494 240.0798 119.9857 14.62645508904624
BEESAT-1                
1 35933U 09051C   26274.00115294  .00000435  00000+0  96879-4 0  9995
2 35933  98.3867 183.0967 0003935 257.8703 102.2057 14.61858061904642
ITUPSAT1                
1 35935U 09051E   26273.67403443  .00000417  00000+0  95963-4 0  9998
2 35935  98.3947 181.8415 0006201 273.9297  86.1194 14.60567991904137
TISAT 1                 
1 36799U 10035E   26273.81701908  .00013972  00000+0  40696-3 0  9996
2 36799  98.0809 230.1094 0001646 147.3080 212.8264 15.35532459883892
STRAND-1                
1 39090U 13009E   26273.73985474  .00000138  00000+0  60813-4 0  9994
2 39090  98.3972  91.4223 0007465 276.6760  83.3577 14.37213060712222
BRITE-AUSTRIA           
1 39091U 13009F   26273.72930931  .00000067  00000+0  37359-4 0  9992
2 39091  98.4051  90.6000 0009046 287.2598  72.7599 14.36575712712208
NEE-01 PEGASO           
1 39151U 13018B   26274.02816054  .00001864  00000+0  18004-3 0  9993
2 39151  98.1380  61.8094 0012636 169.7084 190.4396 14.94081497726500
POPACS 2                
1 39269U 13055E   26274.00989263  .00017281 -49394-6  28201-3 0  9992
2 39269  80.9934  22.7476 0404362 213.1081 144.4237 14.94391674679002
POPACS 3                
1 39270U 13055F   26273.88052996  .00006220  00000+0  14402-3 0  9995
2 39270  80.9977 114.4247 0545915 107.4198 258.7431 14.57672649653943
ZACUBE-1 (TSHEPISOSAT)  
1 39417U 13066B   26274.16600200  .00002232  00000+0  17308-3 0  9996
2 39417  97.8189 237.0850 0037712 256.4303 103.2719 15.01919415696635
WNISAT-1                
1 39423U 13066H   26273.88768139  .00000480  00000+0  96418-4 0  9990
2 39423  97.7362  55.6429 0161359 258.8861  99.4160 14.58208963682136
TRITON-1                
1 39427U 13066M   26274.17066674  .00001225  00000+0  15099-3 0  9995
2 39427  97.8144 181.5285 0087725 248.5276 110.6565 14.82094894689784
GOMX-1                  
1 39430U 13066Q   26274.26568635  .00000827  00000+0  12941-3 0  9993
2 39430  97.6418 108.0411 0129380  96.3835 265.2124 14.69736504685497
CUBEBUG-2 (LO-74)       
1 39440U 13066AA  26273.81209739  .00002855  00000+0  26235-3 0  9995
2 39440  97.9016 223.3351 0058005  38.3979 322.1347 14.94357589692767
NEE-02 KRYSAOR          
1 39441U 13066AB  26273.80220394  .00001176  00000+0  13251-3 0  9994
2 39441  97.8961 212.3194 0067185  83.3234 277.5622 14.86947772691894
FUNCUBE-1 (AO-73)       
1 39444U 13066AE  26273.87497232  .00003987  00000+0  24128-3 0  9998
2 39444  97.8413 247.7013 0034533 201.0498 158.9312 15.10749091695617
UWE-3                   
1 39446U 13066AG  26273.86845891  .00002118  00000+0  18221-3 0  9999
2 39446  97.8823 230.7635 0047850 328.4604  31.3751 14.97653522693396
BRITE-CA1 (TORONTO)     
1 40020U 14033L   26273.88939897  .00000403  00000+0  68321-4 0  9998
2 40020  97.9882  40.9596 0077174 299.0019  60.3470 14.72828935657771
NANOSATC-BR1            
1 40024U 14033Q   26273.55516637  .00008829  00000+0  26714-3 0  9998
2 40024  98.0621 315.4893 0004190 157.4335 202.7091 15.34461961670120
QB50P1                  
1 40025U 14033R   26274.01095752  .00003873  00000+0  18544-3 0  9997
2 40025  98.0956 292.6953 0007565 213.6985 146.3768 15.19617023669093
QB50P2                  
1 40032U 14033Y   26273.98647219  .00003145  00000+0  16604-3 0  9998
2 40032  98.0813 277.5915 0007663 161.9491 198.2014 15.16336573668699
PERSEUS-M2              
1 40037U 14033AD  26274.30339810  .00001528  00000+0  14239-3 0  9990
2 40037  98.0094 227.0822 0010633 315.4087  44.6277 14.95780662666646
PERSEUS-M1              
1 40039U 14033AF  26273.79886926  .00001445  00000+0  13452-3 0  9993
2 40039  97.9742 219.7287 0010238 312.2551  47.7801 14.95915393666425
POLYITAN-1              
1 40042U 14033AJ  26274.04971491  .00010722  00000+0  30255-3 0  9996
2 40042  98.0861 310.5776 0007728 130.3432 229.8486 15.36575595669835
TIGRISAT                
1 40043U 14033AK  26273.88186916  .00001074  00000+0  12800-3 0  9994
2 40043  97.7985  61.5925 0050305  87.9236 272.7739 14.85479996661310
AEROCUBE 6A             
1 40045U 14033AM  26273.92332849  .00002451  00000+0  20432-3 0  9999
2 40045  97.7322  79.8925 0037351  20.8405 339.4331 14.99024328662454
AEROCUBE 6B             
1 40046U 14033AN  26273.42117356  .00003174  00000+0  25203-3 0  9993
2 40046  97.7403  79.3964 0040527   7.1593 353.0201 15.00580642662534
CANX-4                  
1 40055U 14034C   26273.66033168  .00000469  00000+0  67230-4 0  9999
2 40055  98.2935 152.7581 0013545  36.5512 323.6622 14.81413285660149
CANX-5                  
1 40056U 14034D   26273.92769894  .00000451  00000+0  64861-4 0  9999
2 40056  98.2937 153.0847 0013554  35.9664 324.2457 14.81430927650999
UKUBE-1                 
1 40074U 14037F   26273.76306920  .00003329  00000+0  18311-3 0  9996
2 40074  98.4256 288.2670 0002349 130.7105 229.4329 15.14901454664538
BRITE-PL2 (HEWELIUSZ)   
1 40119U 14049B   26273.87368675  .00001315  00000+0  12587-3 0  9998
2 40119  97.9184  26.7595 0015225 116.3870 243.8915 14.94898614657239
AEROCUBE 5C             
1 40965U 15058B   26273.49318384  .00001420  00000+0  13134-3 0  9994
2 40965  64.7651 294.8482 0139425  23.7514 336.9949 14.91909541381365
AEROCUBE 7              
1 40966U 15058C   26273.98323608  .00002565  00000+0  20474-3 0  9990
2 40966  64.7605 273.2400 0129120  21.6336 339.0163 14.96383950381789
FOX-1A (AO-85)          
1 40967U 15058D   26273.50769389  .00001166  00000+0  11183-3 0  9992
2 40967  64.7738 311.5380 0140023  17.4019 343.1820 14.91432000129272
SINOD-D 1               
1 40968U 15058E   26274.01491119  .00002334  00000+0  18673-3 0  9992
2 40968  64.7735 287.2991 0128874  13.3744 347.0732 14.96575032132498
LMRST-SAT               
1 40971U 15058H   26273.49080110  .00001185  00000+0  11417-3 0  9994
2 40971  64.7741 308.1362 0141427  19.2725 341.3659 14.91028355129258
PROPCUBE 3              
1 40973U 15058K   26273.32982898  .00001888  00000+0  15949-3 0  9996
2 40973  64.7669 283.8584 0133055  20.2791 340.3536 14.94824792130513
BISONSAT                
1 40974U 15058L   26273.88056225  .00008922  00000+0  39877-3 0  9996
2 40974  64.7574 191.2908 0087234   2.6965 357.4612 15.18489031131655
SNAP-3 JIMI             
1 40975U 15058M   26273.92921986  .00004857  00000+0  32080-3 0  9999
2 40975  64.7637 244.9158 0115207  14.9287 345.5184 15.03300824130112
PROPCUBE 1 (FLORA)      
1 40976U 15058N   26273.87882136  .00000916  00000+0  95430-4 0  9998
2 40976  64.7742 327.5411 0139830  21.3952 339.2924 14.89646457132009
SINOD-D 3               
1 40977U 15058P   26273.71168153  .00001501  00000+0  13202-3 0  9995
2 40977  64.7716 306.1168 0128496  18.2677 342.2989 14.94623758130523
RAVAN                   
1 41849U 16067B   26273.72658710  .00064454  00000+0  59424-3 0  9991
2 41849  97.9700 176.3740 0003066  49.5225 310.6301 15.67420846544156
CELTEE 1                
1 41850U 16067C   26273.92175129  .00002704  00000+0  12714-3 0  9994
2 41850  98.0484 147.6759 0000897 119.2206 240.9117 15.20556389541948
OPTICUBE 04             
1 41851U 16067D   26274.04964703  .00000952  00000+0  62799-4 0  9995
2 41851  98.0555 131.8180 0016672 116.8220 243.4715 15.10018647541141
AEROCUBE 8D             
1 41852U 16067E   26273.92322442  .00003701  00000+0  14863-3 0  9993
2 41852  98.0486 152.1435 0004651 115.7010 244.4707 15.25668116542188
AEROCUBE 8C             
1 41853U 16067F   26273.60263003  .00003927  00000+0  15624-3 0  9992
2 41853  98.0365 148.8943 0006486  63.4164 296.7737 15.25928295542133
CORVUS BC2              
1 42846U 17042X   26274.06437053  .00002316  00000+0  15903-3 0  9999
2 42846  97.4196  71.4279 0014097 107.8870 252.3897 15.06840345503004
CORVUS BC1              
1 42847U 17042Y   26273.38374573  .00002012  00000+0  13818-3 0  9997
2 42847  97.4229  71.6523 0013210  88.5620 271.7121 15.06991270502930
MAKERSAT 0              
1 43016U 17073D   26273.65925461  .00011426  00000+0  28126-3 0  9995
2 43016  97.4429 157.1791 0096082 256.4050 102.6478 15.36035536482637
SIRION PATHFINDER-2     
1 43759U 18099B   26273.86356776  .00002168  00000+0  11861-3 0  9999
2 43759  97.4136 320.3995 0007087 298.0349  62.0166 15.15289761428626
CORVUS BC4              
1 43767U 18099K   26273.68483076  .00001775  00000+0  10355-3 0  9992
2 43767  97.3960 313.5685 0008128   8.4735 351.6632 15.13185811428352
M2 PATHFINDER           
1 45727U 20037E   26273.76903136  .00001192  00000+0  88294-4 0  9999
2 45727  97.8114 106.2227 0011947 150.5477 209.6425 15.05064127341375
NETSAT-4                
1 46504U 20068U   26273.59432724  .00011762  00000+0  23337-3 0  9998
2 46504  97.8594 290.5806 0003115 315.5529  44.5469 15.47191649332055
NETSAT-3                
1 46505U 20068V   26274.00269655  .00011375  00000+0  23507-3 0  9996
2 46505  97.8655 289.1196 0003401 341.9233  18.1893 15.46010111332010
NETSAT-1                
1 46506U 20068W   26274.01484377  .00007303  00000+0  20556-3 0  9995
2 46506  97.8781 282.1327 0004619  19.7262 340.4159 15.36800097331546
NETSAT-2                
1 46507U 20068X   26274.04082482  .00013007  00000+0  23373-3 0  9998
2 46507  97.8602 291.4173 0002841   0.7673 359.3581 15.50017021332117
GREENCUBE (IO-117)      
1 53109U 22080E   26273.39446121 -.00000003  00000+0  00000+0 0  9992
2 53109  70.1205 261.6459 0009185 267.2688  92.6920  6.42583810 98822
SITRO-AIS 5 (KATYS)     
1 57176U 23091L   26273.98383956  .00006553  00000+0  21735-3 0  9991
2 57176  97.4941 338.9852 0012112  89.4927 270.7702 15.31535513180529
SITRO-AIS 6 (CHIRKIN)   
1 57192U 23091AC  26274.02331087  .00005171  00000+0  19387-3 0  9998
2 57192  97.4948 337.5521 0012543  94.2848 265.9825 15.27631374180435
SITRO-AIS 8 (ANOKHIN)   
1 57193U 23091AD  26273.99708110  .00007559  00000+0  22720-3 0  9996
2 57193  97.4941 341.0538 0010895  85.6850 274.5638 15.34645046180664
SITRO-AIS 7 (FARTUSHNIY)
1 57194U 23091AE  26273.98417410  .00005265  00000+0  19946-3 0  9994
2 57194  97.4944 337.2777 0012488  95.5539 264.7125 15.27273188180415
SITRO-AIS 10 (BURDAEV)  
1 57199U 23091AK  26274.06406602  .00012872  00000+0  30051-3 0  9992
2 57199  97.4972 347.3667 0006612  60.9200 299.2708 15.42319717181062
SITRO-AIS 9 (SHCHUKIN)  
1 57201U 23091AM  26273.99808772  .00012139  00000+0  28938-3 0  9998
2 57201  97.4969 346.9367 0006906  61.4462 298.7479 15.41704695181034
SITRO-AIS 12 (SMIRENNIY)
1 57204U 23091AQ  26274.03277029  .00012523  00000+0  29531-3 0  9999
2 57204  97.4985 347.5089 0006428  56.2599 303.9259 15.42026756181069
SITRO-AIS 11 (SHEFFER)  
1 57208U 23091AU  26274.01394786  .00012913  00000+0  29918-3 0  9993
2 57208  97.4984 347.8105 0006347  55.8467 304.3382 15.42549525181081
SITRO-AIS 25            
1 59066U 24039R   26274.28198529  .00001697  00000+0  13293-3 0  9992
2 59066  95.3794 307.9585 0141665 317.4388  41.5925 14.94114979140560
SITRO-AIS 26            
1 59067U 24039S   26274.29845714  .00001925  00000+0  15123-3 0  9997
2 59067  95.3794 307.8447 0142039 318.0841  40.9579 14.93894668140550
SITRO-AIS 27            
1 59068U 24039T   26274.23820953  .00002044  00000+0  15892-3 0  9996
2 59068  95.3795 308.1255 0141019 316.6444  42.3755 14.94332605140576
SITRO-AIS 28            
1 59071U 24039U   26274.28018248  .00001565  00000+0  12229-3 0  9999
2 59071  95.3797 308.2075 0140914 316.3301  42.6842 14.94366984140583
GRBBETA                 
1 60237U 24128C   26273.25883192  .00001582  00000+0  11811-3 0  9993
2 60237  61.9896 207.4391 0025161 157.8348 202.3839 15.07249814122100
OOV-CUBE (TUBSAT-30)    
1 60240U 24128F   26273.57293841  .00001059  00000+0  92967-4 0  9999
2 60240  61.9937 217.9887 0029549 158.5315 201.7023 15.03140020121957
ROBUSTA-3A (MEDITERRAN*)
1 60243U 24128J   26273.86087694  .00003668  00000+0  21866-3 0  9998
2 60243  61.9862 194.1858 0026340 149.2606 211.0040 15.12864262122402
LASARSAT                
1 62391U 24247Q   26273.30802020  .00027995  00000+0  43909-3 0  9994
2 62391  44.9730  28.5665 0010095 292.5073  67.4751 15.53182724 99629
CROCUBE                 
1 62394U 24247T   26273.58965016  .00034532  00000+0  48029-3 0  9995
2 62394  44.9704  22.0769 0010684 305.5019  54.4878 15.56360838 99720
FORESAIL-1 PRIME        
1 66778U 25276DS  26273.71900941  .00002044  00000+0  99623-4 0  9999
2 66778  97.4100 345.0563 0003845  97.6965 262.4707 15.19449820 46422
KNACKSAT-2              
1 67683U 98067YA  26273.96566428  .00051839  00000+0  40895-3 0  9990
2 67683  51.6230 118.3658 0008584 233.0652 126.9560 15.70840245 36843
MARINA                  
1 69920U 26156BD  26273.71221482  .00001031  00000+0  10665-3 0  9998
2 69920  97.7433 172.7550 0006134 223.3475 136.7262 14.92211399 12739
